15 15
9.66 7.39 5.75 2.67 8.88 8.59 1.69 8.16 8.76 7.63 6.75 0.5 4.39 2.79 1.35 
7.67 4.86 9.69 2.54 2.15 6.47 4.27 6.35 6.38 0.61 4.80 2.99 3.45 5.54 4.78 
0.65 0.69 1.78 1.30 3.30 4.96 6.86 3.65 9.16 2.45 1.10 7.4 0.69 0.71 1.51 
1.2 2.90 3.35 1.24 2.74 7.17 3.14 9.34 8.81 9.76 7.44 9.67 1.77 5.72 3.88 
1.32 9.90 6.50 8.60 1.97 0.0 2.2 1.74 6.85 6.76 7.17 7.9 9.22 1.37 9.45 
6.64 7.10 7.3 6.26 6.5 7.16 7.41 3.5 3.23 2.31 7.48 4.19 2.26 6.51 6.18 
0.46 5.16 6.1 5.64 7.46 5.45 5.19 1.89 2.7 0.57 5.44 8.70 5.76 3.6 7.31 
0.59 6.36 3.22 8.46 5.66 7.70 1.81 0.42 5.45 0.47 1.22 2.85 5.93 2.23 7.97 
1.10 0.25 8.75 4.41 8.9 1.48 0.90 6.27 9.59 2.59 5.88 9.69 6.48 8.66 6.81 
6.30 4.93 6.84 5.61 9.82 5.33 8.72 4.73 7.33 3.24 2.92 4.70 8.46 2.33 5.63 
5.88 8.88 1.30 2.55 9.26 7.57 9.78 5.64 9.23 4.2 2.48 6.31 0.78 8.27 8.75 
9.97 5.77 5.46 3.0 3.19 9.99 8.10 3.53 7.17 7.30 5.94 0.65 0.44 5.8 0.7 
7.41 3.41 2.83 5.63 8.66 2.57 6.70 1.27 3.85 0.52 0.86 3.12 4.15 6.68 0.71 
8.58 1.3 1.98 3.21 5.15 4.3 7.94 1.86 1.27 7.1 0.19 8.0 6.57 6.29 1.91 
7.43 5.87 8.86 8.50 1.61 8.56 1.15 7.15 5.48 3.62 0.72 9.73 3.81 5.91 0.98 
