15 15
3.35 5.8 1.70 4.78 5.41 8.49 8.30 5.99 0.30 1.68 5.39 5.3 8.84 5.22 1.48 
1.42 6.30 9.36 9.88 1.58 0.90 9.94 7.11 6.75 2.94 8.95 1.1 3.35 6.82 6.54 
4.90 8.43 7.75 5.93 0.53 2.1 5.74 0.56 6.43 9.95 5.45 2.44 6.77 8.7 3.24 
1.83 0.47 2.34 2.54 7.41 5.80 1.37 6.90 2.40 4.82 0.0 7.91 7.23 7.35 2.21 
4.8 1.28 8.60 0.9 0.40 3.11 0.42 5.2 1.99 4.4 8.92 1.51 8.1 9.23 8.9 
6.0 9.56 3.21 8.94 0.44 4.90 1.46 7.22 7.79 8.42 1.77 9.1 2.48 0.64 3.34 
8.39 4.19 2.63 9.14 8.30 2.20 8.12 1.64 9.33 8.45 4.71 4.85 9.32 1.46 7.12 
8.85 0.45 6.11 5.53 7.60 9.26 1.63 5.72 6.26 6.42 4.90 5.76 3.63 8.13 7.29 
2.33 1.25 6.50 7.81 5.92 1.96 4.2 1.40 2.5 9.18 3.92 3.11 7.78 1.44 4.26 
6.47 5.80 2.74 7.7 0.84 6.40 0.98 8.63 4.50 6.92 4.8 4.11 5.94 2.68 7.51 
1.69 9.10 8.58 2.8 4.53 2.77 7.16 4.47 6.84 7.92 3.73 4.5 9.40 2.31 4.86 
9.35 4.66 1.53 8.86 2.72 5.44 7.14 8.99 6.76 7.46 4.98 8.9 7.91 1.94 3.16 
7.1 2.84 6.33 4.37 0.10 4.9 8.69 8.1 6.64 1.21 8.80 0.80 0.2 8.66 3.26 
2.55 0.41 8.99 2.60 4.29 5.0 4.45 3.31 9.81 0.16 8.0 5.51 4.84 9.72 6.90 
5.65 1.13 3.30 6.53 0.71 9.70 4.59 1.13 8.83 6.11 9.78 2.96 1.17 1.83 6.5 
